orientation:
  w: 0.013664966933461848
  x: -0.8653634474084259
  y: -0.49835236982298736
  z: -0.05103222570028207
position:
  x: -0.0355096354976563
  y: 0.4566558097309289
  z: 0.3216035169179613
