orientation:
  w: 0.03403227007522867
  x: 0.3892258764652832
  y: -0.9204549386957201
  z: -0.01037918657780413
position:
  x: 0.015616298932497047
  y: -0.2347385174140197
  z: 0.3559221075606507
