orientation:
  w: 0.0006457338816954582
  x: -0.3668915224537363
  y: 0.9292975432531719
  z: 0.04238242422222307
position:
  x: 0.40731482081432724
  y: 0.05489578562024162
  z: 0.37602811424184823
