orientation:
  w: 0.10242911854254527
  x: -0.5141790385359531
  y: -0.8494478386127998
  z: -0.05972069558271038
position:
  x: -0.3657846471042378
  y: 0.17862472351292938
  z: 0.32506234912991644
